1. a) posts: 6737
1. b) users: 133
1. c) words: 1191170
1. d):
	Libraries 1
	Arts 4
	nResources 1
	Publishing 3
	ssServices 2
	Government 2
	Profit 2
	Media 5
	indUnk 40
	Recreation 1
	chitecture 1
	ufacturing 2
	sportation 1
	dvertising 7
	Student 35
	Internet 2
	ngineering 4
	Education 7
	Technology 10
	Law 1
	RealEstate 2
2. a) 9470 : 463: 0.000336029446072 , 963: 5.48778651743e-05 , 981: 7.70289437633e-06
2. a) 11253 : 463: 0.000120802610222 , 963: 0.000145886354325 , 981: 9.557387561e-05
2. a) 11762 : 463: 0.000518303059783 , 963: 1.82489254297e-05 , 981: 8.5260553713e-05
[1862, -0.36476087669470947]
[1456, -0.3533145426539635]
[522, -0.34741337140364692]
[793, -0.32580362406064151]
[226, -0.30980426644425441]
[1424, -0.30619204159083196]
[890, -0.30383225445162665]
[887, -0.29905318709778733]
[897, -0.2987305951163165]
[1112, -0.29564717785891859]
[336, -0.28999334464530691]
[405, -0.28658035663812453]
[1499, -0.28106480589825378]
[1465, -0.27933570515882933]
[1900, -0.27848472869479035]
[63, -0.27752649614506963]
[89, -0.27628799885738853]
[184, -0.27444754105793479]
[896, -0.27034364380456849]
[473, -0.27018788011122352]
[1764, -0.26942476880873945]
[556, -0.26888345300396055]
[670, -0.26846844590077901]
[1927, -0.26766708181160198]
[199, -0.2633796828144831]
[1287, -0.2632926249592607]
[772, -0.26231791532657456]
[1226, -0.2620762042845074]
[958, -0.26172691088361633]
[1782, -0.25850891387586677]
[1719, -0.25830215630058234]
[1813, -0.25803094309615671]
[611, -0.25800637005737348]
[148, -0.25798185241958682]
[244, -0.25793195518155915]
[325, -0.25356184651245717]
[877, -0.2523542823724409]
[1652, -0.2523115547202428]
[741, -0.25221218386973121]
[1751, -0.2513418462394198]
[1347, -0.24979329921886995]
[1528, -0.2496476134666995]
[1881, -0.24834769899279138]
[1517, -0.24798436282064279]
[157, -0.24733490083504972]
[182, -0.24710969027958252]
[568, -0.2458113064502879]
[169, -0.24571603319734331]
[968, -0.24546748589405085]
[1539, -0.24488818428545334]
[1247, -0.24465734547257634]
[133, -0.24449524086106988]
[562, -0.24447042832585111]
[1950, -0.24436180156466825]
[992, -0.24358065009109195]
[451, -0.24221668841128505]
[588, -0.23943643080963223]
[1859, -0.23918544592231047]
[1885, -0.23866077351761261]
[959, -0.23768094797892969]
[975, -0.23727421990180736]
[583, -0.23676726115058586]
[1471, -0.23585235791457801]
[1225, -0.23405889382404804]
[297, -0.23348886314258765]
[1058, -0.23327812328648834]
[816, -0.23281866995669248]
[1378, -0.23222500501910254]
[1749, -0.23132811155667829]
[1708, -0.23101416845244738]
[2, -0.2305070206739957]
[457, -0.23007961028484336]
[505, -0.2300754010108424]
[524, -0.23006963415839687]
[209, -0.2299796684627364]
[1295, -0.2297839350977231]
[740, -0.22950700967601831]
[1312, -0.22933379112886354]
[1610, -0.22879551880684329]
[449, -0.22858690974421364]
[915, -0.22834835787843899]
[427, -0.22813507389078819]
[1790, -0.22614238593582589]
[327, -0.22480882023232113]
[1338, -0.22477377069690077]
[594, -0.22447442803636369]
[1898, -0.22359534297684824]
[640, -0.22308552729488534]
[1408, -0.22240598899747316]
[424, -0.22156750465431788]
[635, -0.21984067600150212]
[489, -0.21937957663245586]
[1915, -0.21877913531637055]
[862, -0.21864861670692037]
[495, -0.21820027681869356]
[593, -0.2181202236242662]
[1353, -0.21618158474452273]
[1473, -0.21563163952218176]
[1548, -0.21501511115236541]
[1254, -0.21497306637224506]
[1343, -0.21416510996029053]
[15, -0.21291835612566107]
[1348, -0.21256945181804354]
[817, -0.21184101474291203]
[1945, -0.21119178467255978]
[871, -0.21110735813823572]
[456, -0.21088021543014279]
[385, -0.21086538436274252]
[629, -0.21018792690960542]
[497, -0.20966162213051404]
[113, -0.2095232553231397]
[1778, -0.20911840155585795]
[254, -0.20648596057705032]
[1239, -0.2062506146220115]
[83, -0.20556573098877379]
[511, -0.20549554740809534]
[92, -0.20540847683023428]
[1924, -0.20529019942867072]
[1420, -0.20458242288689057]
[1251, -0.20426308452859421]
[87, -0.20406324056539313]
[713, -0.2025936190296827]
[1262, -0.20250657977626835]
[1774, -0.20196364206529893]
[466, -0.20151529281999242]
[1931, -0.20101631543489618]
[1436, -0.19940632929817115]
[434, -0.19856674890392662]
[1190, -0.19719483086789052]
[1732, -0.19674411444887627]
[1476, -0.19603609491625554]
[111, -0.19586027107533177]
[1181, -0.19582680717036274]
[311, -0.19582426703799127]
[891, -0.19549015141237464]
[1277, -0.1946288913812399]
[1834, -0.19424826570304315]
[1710, -0.19415205587064691]
[838, -0.19400325761323509]
[323, -0.19398855440019622]
[312, -0.19387662487198737]
[389, -0.1924964579079379]
[1568, -0.19237630350826698]
[1393, -0.19149001552295597]
[1943, 0.19255113394989609]
[162, 0.19420456620554039]
[870, 0.19439117723372765]
[1804, 0.19523270727114198]
[1704, 0.19661708125733179]
[953, 0.19713330363428305]
[335, 0.19761154650939677]
[1946, 0.19806200452833037]
[716, 0.19991513230112332]
[1608, 0.20000036771274154]
[67, 0.20026613118153569]
[73, 0.20029446223300412]
[185, 0.2011162800602451]
[403, 0.20161756386120694]
[886, 0.20324021691133426]
[519, 0.20344381879571513]
[251, 0.20393564278216353]
[882, 0.20420409666898326]
[673, 0.20551663830721259]
[1563, 0.20779449089895027]
[1309, 0.20862587035302316]
[997, 0.21038496539807594]
[843, 0.21159860384261103]
[1949, 0.21306125132100773]
[1622, 0.21307608896711419]
[1180, 0.21337363868287609]
[1349, 0.2137715396652575]
[158, 0.21488001538071277]
[357, 0.21564759556298113]
[555, 0.21832702787287772]
[792, 0.2183933930334046]
[636, 0.2187678215898424]
[295, 0.21922290338633277]
[960, 0.22075451847163757]
[820, 0.22385058813536235]
[1990, 0.22807125465665185]
[919, 0.23104007744392419]
[1087, 0.23135755713854017]
[305, 0.23276291615018108]
[691, 0.23341560964063571]
[1510, 0.23577252679791172]
[1416, 0.23875216582375888]
[1830, 0.24148114335270116]
[697, 0.24209345475075578]
[1498, 0.24495345002877411]
[71, 0.24567727427342487]
[1445, 0.24574354339449439]
[1324, 0.24936389342004253]
[1080, 0.25009159275321913]
[1941, 0.25021263359007001]
[1235, 0.25279853016732812]
[1121, 0.25543963853414514]
[195, 0.25609464063030535]
[1037, 0.25697164272438422]
[137, 0.25742716799851151]
[1133, 0.26625008232872821]
[331, 0.26824724373519526]
[1846, 0.26995272865852704]
[1966, 0.27124034046148704]
[1743, 0.27653487715128133]
[131, 0.27824613577136448]
[1793, 0.28159919917034182]
[839, 0.28249844643266131]
[1560, 0.28732472045963031]
[1821, 0.28966538810621861]
[650, 0.29254263504108613]
[285, 0.29395506155609191]
[827, 0.29832032081298754]
[1125, 0.30430462492774757]
[1401, 0.30515662242546604]
[943, 0.31305303264015988]
[356, 0.32421579486154567]
[283, 0.3287000572372632]
[559, 0.3346947321130353]
[1195, 0.3420032718281758]
[1105, 0.34696660128885481]
[1525, 0.35068458040763606]
Student 1021 3.45453644062 59.6198932322 -1.99436782709 -1.99436782709
Student 383 -0.738313606365 11.9740334161 -1.99505559103 -1.99505559103
Student 1474 -1.5208289802 1.76826614563 -2.14926091689 -2.14926091689
Student 564 -1.41205030088 1.46155500321 -1.84505143835 -1.84505143835
Student 1482 -1.46520508041 1.19971731195 -1.72828914315 -1.72828914315
Student 1724 -1.47337098588 1.10796608537 -1.8616636316 -1.8616636316
Student 1191 -1.53822063708 1.09180542794 -2.14947667435 -2.14947667435
Student 576 -1.51674851411 1.0113971408 -1.78553300281 -1.78553300281
Student 1747 -1.52772776961 0.914610055599 -1.77898297973 -1.77898297973
Student 1780 -1.63426037036 0.899098929905 -1.9564364509 -1.9564364509
Student 1030 -1.45267282072 0.856685906588 -1.87303426254 -1.87303426254
Student 1626 -1.48098797872 0.836946062476 -1.72106782865 -1.72106782865
Student 240 -1.47840668307 0.757032166631 -2.01578878906 -2.01578878906
Student 14 -1.69645644721 0.750831857213 -1.89100001159 -1.89100001159
Student 317 -1.64635546106 0.732892345468 -1.9566681202 -1.9566681202
Student 1366 -1.78815649293 0.715379298545 -2.09996518064 -2.09996518064
Student 109 -1.65416048426 0.707968137694 -1.95992419673 -1.95992419673
Student 393 -1.64214075526 0.699918355481 -2.06361772636 -2.06361772636
Student 360 -1.56411499729 0.699072781809 -1.83603969399 -1.83603969399
Student 1716 -1.73290809137 0.686131030906 -1.74963361444 -1.74963361444
